10780
10964
11163
11216
11273
11318
11898
11955
12066
12160
12296
12398
12404
12501
12700
12709
12745
12796
13059
13126
13194
13225
13324
13325
13330
13395
13418
13445
13456
13542
13562
13584
13588
13688
13718
13918
13922
13928
14042
14131
14209
14295
14347
14416
14483
14688
14718
14840
14879
14959
15006
15218
15243
15313
15348
15387
15444
15513
15526
15574
15672
15674
16000
16103
16231
16350
16644
16653
16706
16747
16866
16886
16899
16968
17074
17209
17285
17306
17338
17349
17426
17434
17551
17558
17669
17864
18009
18121
18129
18190
18288
18488
18527
18625
18746
18779
18945
18952
18973
19157
19392
19484
19514
19517
19617
19645
19674
19696
19939
