2088
5
10
78
100
112
125
138
287
467
491
527
694
736
765
781
908
938
944
953
967
977
1011
1047
1297
1382
1500
1663
1700
1709
1769
1796
1837
1933
1940
2006
2066
2069
2354
2366
2497
2504
2711
2858
3367
3433
3543
3631
3654
3733
3763
3764
3792
3798
3850
4051
4053
4150
4345
4346
4402
4416
4588
4614
4856
4871
4895
4918
4971
5017
5091
5182
5220
5236
5247
5257
5292
5407
5421
5428
5481
5522
5562
5577
5735
5812
5862
5864
5961
5999
6034
6159
6211
6496
6518
6532
6657
6857
6920
6980
7055
7139
7154
7216
7336
7379
7445
7546
7644
7661
7839
7965
8070
8095
8167
8194
8202
8250
8303
8466
8470
8587
8701
8802
8852
8934
8939
9007
9051
9095
9125
9215
9315
9374
9461
9488
9661
9823
9852
9949
9973
10014
10040
10046
10093
10157
10183
10393
10458
10494
10560
10780
10964
11163
11216
11273
11318
11898
11955
12066
12160
12296
12398
12404
12501
12700
12709
12745
12796
13059
13126
13194
13225
13324
13325
13330
13395
13418
13445
13456
13542
13562
13584
13588
13688
13718
13918
13922
13928
14042
14131
14209
14295
14347
14416
14483
14688
14718
14840
14879
14959
15006
15218
15243
15313
15348
15387
15444
15513
15526
15574
15672
15674
16000
16103
16231
16350
16644
16653
16706
16747
16866
16886
16899
16968
17074
17209
17285
17306
17338
17349
17426
17434
17551
17558
17669
17864
18009
18121
18129
18190
18288
18488
18527
18625
18746
18779
18945
18952
18973
19157
19392
19484
19514
19517
19617
19645
19674
19696
19939
