2088
5
10
78
100
112
125
138
287
467
491
527
694
736
765
781
908
938
944
953
967
977
1011
1047
1297
1382
1500
1663
1700
1709
1769
1796
1837
1933
1940
2006
2066
2069
2354
2366
2497
2504
2711
2858
3367
3433
3543
3631
3654
3733
3763
3764
3792
3798
3850
4051
4053
4150
4345
4346
4402
4416
4588
4614
4856
4871
4895
4918
4971
5017
5091
5182
5220
5236
5247
5257
5292
5407
5421
5428
5481
5522
5562
5577
5735
5812
5862
5864
5961
5999
6034
6159
6211
6496
6518
6532
6657
6857
6920
6980
7055
7139
7154
7216
7336
7379
7445
7546
7644
7661
7839
7965
8070
8095
8167
8194
8202
8250
8303
8466
8470
8587
8701
8802
8852
8934
8939
9007
9051
9095
9125
9215
9315
9374
9461
9488
9661
9823
9852
9949
9973
10014
10040
10046
10093
10157
10183
10393
10458
10494
10560
