22.3856888685 1
22.7876837562 2
23.1896786439 2
23.5916735316 4
23.9936684193 6
24.395663307 18
24.7976581947 18
25.1996530824 19
25.6016479701 32
26.0036428577 35
26.4056377454 48
26.8076326331 51
27.2096275208 79
27.6116224085 92
28.0136172962 102
28.4156121839 111
28.8176070716 150
29.2196019593 155
29.621596847 146
30.0235917347 196
30.4255866224 203
30.8275815101 227
31.2295763978 244
31.6315712855 269
32.0335661732 298
32.4355610608 319
32.8375559485 339
33.2395508362 320
33.6415457239 377
34.0435406116 367
34.4455354993 419
34.847530387 404
35.2495252747 422
35.6515201624 443
36.0535150501 452
36.4555099378 411
36.8575048255 461
37.2594997132 402
37.6614946009 459
38.0634894886 470
38.4654843763 445
38.867479264 431
39.2694741516 423
39.6714690393 406
40.073463927 380
40.4754588147 372
40.8774537024 411
41.2794485901 336
41.6814434778 309
42.0834383655 314
42.4854332532 331
42.8874281409 287
43.2894230286 315
43.6914179163 255
44.093412804 255
44.4954076917 238
44.8974025794 178
45.2993974671 208
45.7013923548 190
46.1033872424 161
46.5053821301 151
46.9073770178 126
47.3093719055 113
47.7113667932 118
48.1133616809 95
48.5153565686 94
48.9173514563 64
49.319346344 74
49.7213412317 58
50.1233361194 57
50.5253310071 27
50.9273258948 44
51.3293207825 37
51.7313156702 23
52.1333105579 26
52.5353054456 18
52.9373003332 16
53.3392952209 14
53.7412901086 7
54.1432849963 9
54.545279884 9
54.9472747717 9
55.3492696594 5
55.7512645471 5
56.1532594348 3
56.5552543225 4
56.9572492102 4
57.3592440979 2
57.7612389856 0
58.1632338733 0
58.565228761 1
58.9672236487 2
59.3692185363 1
59.771213424 0
60.1732083117 1
60.5752031994 0
60.9771980871 0
61.3791929748 0
61.7811878625 1
62.1831827502 1
