22.3376135927 3
22.7161824973 3
23.094751402 3
23.4733203066 4
23.8518892113 9
24.2304581159 12
24.6090270206 10
24.9875959252 12
25.3661648299 21
25.7447337345 18
26.1233026392 26
26.5018715438 30
26.8804404485 53
27.2590093531 58
27.6375782578 74
28.0161471624 95
28.3947160671 85
28.7732849717 99
29.1518538764 119
29.530422781 134
29.9089916857 133
30.2875605903 148
30.666129495 169
31.0446983996 220
31.4232673043 232
31.8018362089 216
32.1804051135 250
32.5589740182 268
32.9375429228 259
33.3161118275 233
33.6946807321 299
34.0732496368 328
34.4518185414 347
34.8303874461 327
35.2089563507 331
35.5875252554 331
35.96609416 318
36.3446630647 373
36.7232319693 357
37.101800874 430
37.4803697786 369
37.8589386833 343
38.2375075879 333
38.6160764926 363
38.9946453972 325
39.3732143019 300
39.7517832065 335
40.1303521112 360
40.5089210158 317
40.8874899205 323
41.2660588251 295
41.6446277297 267
42.0231966344 262
42.401765539 258
42.7803344437 257
43.1589033483 258
43.537472253 212
43.9160411576 213
44.2946100623 202
44.6731789669 166
45.0517478716 181
45.4303167762 163
45.8088856809 163
46.1874545855 157
46.5660234902 135
46.9445923948 121
47.3231612995 108
47.7017302041 98
48.0802991088 83
48.4588680134 89
48.8374369181 68
49.2160058227 61
49.5945747274 50
49.973143632 39
50.3517125367 34
50.7302814413 41
51.1088503459 26
51.4874192506 25
51.8659881552 21
52.2445570599 17
52.6231259645 14
53.0016948692 14
53.3802637738 12
53.7588326785 9
54.1374015831 5
54.5159704878 5
54.8945393924 5
55.2731082971 3
55.6516772017 2
56.0302461064 3
56.408815011 5
56.7873839157 4
57.1659528203 1
57.544521725 1
57.9230906296 1
58.3016595343 0
58.6802284389 1
59.0587973436 0
59.4373662482 1
59.8159351529 1
